"","UniqueID","DATE","SITE","PLOT","TREE","SPECIES","DBH","DA","TOP","LEAN","BOWED","DOWN","NOTES","STATUS","Year","ReplaceID","ID.Seq","Missing.Place","Decimal.Error","species_growth","dbh_change","year_diff","dbh_year_change","is_spike","is_dip","is_anomalous","anomalous_type","high_spike","extreme_dip","is_anomalous2","anomalous_type2"
"1","FP2A_32_2971",1989-07-06,"FP2A","32","2971","POPBAL",14.5,1,"-99",0,1,"1","","Alive",1989,"FP2A_32_2971_1989",1,"NMis",FALSE,2.7,0,0,0,FALSE,FALSE,FALSE,"NA",FALSE,FALSE,FALSE,"NA"
"2","FP2A_32_2971",1993-06-11,"FP2A","32","2971","POPBAL",15.6,1,"-99",0,0,"1","","Alive",1993,"FP2A_32_2971_1993",2,"NMis",FALSE,2.7,1.1,4,0.275,FALSE,FALSE,FALSE,"NA",FALSE,FALSE,FALSE,"NA"
"3","FP2A_32_2971",1997-07-24,"FP2A","32","2971","POPBAL",15.8,1,"4",0,0,"1","","Alive",1997,"FP2A_32_2971_1997",3,"NMis",FALSE,2.7,0.200000000000001,4,0.0500000000000003,FALSE,FALSE,FALSE,"NA",FALSE,FALSE,FALSE,"NA"
"4","FP2A_32_2971",2000-06-14,"FP2A","32","2971","POPBAL",15.8,1,"4",0,0,"1","","Alive",2000,"FP2A_32_2971_2000",4,"NMis",FALSE,2.7,0,3,0,FALSE,FALSE,FALSE,"NA",FALSE,FALSE,FALSE,"NA"
"5","FP2A_32_2971",2004-07-21,"FP2A","32","2971","POPBAL",16,1,"-99",0,1,"1","","Alive",2004,"FP2A_32_2971_2004",5,"NMis",FALSE,2.7,0.199999999999999,4,0.0499999999999998,FALSE,FALSE,FALSE,"NA",FALSE,FALSE,FALSE,"NA"
"6","FP2A_32_2971",2008-08-21,"FP2A","32","2971","POPBAL",16.9,1,"-99",0,1,"1","new fork, new mark below dbh","Alive",2008,"FP2A_32_2971_2008",6,"NMis",FALSE,2.7,0.899999999999999,4,0.225,FALSE,FALSE,FALSE,"NA",FALSE,FALSE,FALSE,"NA"
"7","FP2A_32_2971",2018-08-15,"FP2A","32","2971","POPBAL",3.6,1,"-99",0,1,"1","old notes-new fork, new mark below dbh. 2019 notes-","Alive",2018,"FP2A_32_2971_2018",7,"NMis",FALSE,2.7,-13.3,10,-1.33,FALSE,TRUE,TRUE,"Dip",FALSE,TRUE,TRUE,"Extreme Dip"
"8","FP3C_7_115",1990-08-14,"FP3C","7","115","PICGLA",1.3,1,"-99",0,1,"1","","Alive",1990,"FP3C_7_115_1990",1,"NMis",FALSE,1.1,0,0,0,FALSE,FALSE,FALSE,"NA",FALSE,FALSE,FALSE,"NA"
"9","FP3C_7_115",1993-07-29,"FP3C","7","115","PICGLA",0.8,1,"-99",0,1,"1","","Alive",1993,"FP3C_7_115_1993",2,"NMis",FALSE,1.1,-0.5,3,-0.166666666666667,FALSE,FALSE,FALSE,"NA",FALSE,FALSE,FALSE,"NA"
"10","FP3C_7_115",1997-07-10,"FP3C","7","115","PICGLA",2,1,"-99",0,1,"1","","Alive",1997,"FP3C_7_115_1997",3,"NMis",FALSE,1.1,1.2,4,0.3,FALSE,FALSE,FALSE,"NA",FALSE,FALSE,FALSE,"NA"
"11","FP3C_7_115",2000-07-12,"FP3C","7","115","PICGLA",0.4,1,"-99",0,1,"1","dt2","Alive",2000,"FP3C_7_115_2000",4,"NMis",FALSE,1.1,-1.6,3,-0.533333333333333,FALSE,TRUE,TRUE,"Dip",FALSE,TRUE,TRUE,"Extreme Dip"
"12","FP3C_7_115",2004-07-29,"FP3C","7","115","PICGLA",NA,0,"-99",0,1,"0","","Standing/Dead",2004,"FP3C_7_115_2004",5,"Last",FALSE,1.1,0,4,0,FALSE,FALSE,FALSE,"NA",FALSE,FALSE,FALSE,"NA"
"13","FP3C_7_115",2008-08-27,"FP3C","7","115","PICGLA",NA,0,"-99",0,1,"0","std","Standing/Dead",2008,"FP3C_7_115_2008",6,"Last",FALSE,1.1,0,4,0,FALSE,FALSE,FALSE,"NA",FALSE,FALSE,FALSE,"NA"
"14","FP4A_8_905",1989-08-29,"FP4A","8","905","BETNEO",3.9,1,"-99",0,1,"1","was #2859","Alive",1989,"FP4A_8_905_1989",1,"NMis",FALSE,1.8,0,0,0,FALSE,FALSE,FALSE,"NA",FALSE,FALSE,FALSE,"NA"
"15","FP4A_8_905",1993-07-14,"FP4A","8","905","BETNEO",4.8,1,"-99",0,1,"1","was #2859","Alive",1993,"FP4A_8_905_1993",2,"NMis",FALSE,1.8,0.9,4,0.225,FALSE,FALSE,FALSE,"NA",FALSE,FALSE,FALSE,"NA"
"16","FP4A_8_905",1997-07-17,"FP4A","8","905","BETNEO",5.6,1,"-99",0,1,"1","was #2859","Alive",1997,"FP4A_8_905_1997",3,"NMis",FALSE,1.8,0.8,4,0.2,FALSE,FALSE,FALSE,"NA",FALSE,FALSE,FALSE,"NA"
"17","FP4A_8_905",2000-07-06,"FP4A","8","905","BETNEO",5.3,1,"-99",1,1,"1","was #2859","Alive",2000,"FP4A_8_905_2000",4,"NMis",FALSE,1.8,-0.3,3,-0.0999999999999999,FALSE,FALSE,FALSE,"NA",FALSE,FALSE,FALSE,"NA"
"18","FP4A_8_905",2004-08-14,"FP4A","8","905","BETNEO",2.6,1,"-99",1,1,"1","was #2859","Alive",2004,"FP4A_8_905_2004",5,"NMis",FALSE,1.8,-2.7,4,-0.675,FALSE,TRUE,TRUE,"Dip",FALSE,TRUE,TRUE,"Extreme Dip"
"19","FP4A_8_905",2008-08-25,"FP4A","8","905","BETNEO",3.2,1,"-99",1,1,"1","now tree #905","Alive",2008,"FP4A_8_905_2008",6,"NMis",FALSE,1.8,0.6,4,0.15,FALSE,FALSE,FALSE,"NA",FALSE,FALSE,FALSE,"NA"
"20","FP4A_8_905",2018-08-25,"FP4A","8","905","BETNEO",3.5,1,"1.75",1,1,"1","old notes-now tree #905. 2019 notes-","Alive",2018,"FP4A_8_905_2018",7,"NMis",FALSE,1.8,0.3,10,0.03,FALSE,FALSE,FALSE,"NA",FALSE,FALSE,FALSE,"NA"
"21","FP5C_9_5537",1990-09-06,"FP5C","9","5537","PICMAR",9,1,"-99",0,1,"1","","Alive",1990,"FP5C_9_5537_1990",1,"NMis",FALSE,0.75,0,0,0,FALSE,FALSE,FALSE,"NA",FALSE,FALSE,FALSE,"NA"
"22","FP5C_9_5537",1993-09-01,"FP5C","9","5537","PICMAR",9.3,1,"-99",0,1,"1","","Alive",1993,"FP5C_9_5537_1993",2,"NMis",FALSE,0.75,0.300000000000001,3,0.1,FALSE,FALSE,FALSE,"NA",FALSE,FALSE,FALSE,"NA"
"23","FP5C_9_5537",1997-07-25,"FP5C","9","5537","PICMAR",9.6,1,"-99",0,1,"1","","Alive",1997,"FP5C_9_5537_1997",3,"NMis",FALSE,0.75,0.299999999999999,4,0.0749999999999997,FALSE,FALSE,FALSE,"NA",FALSE,FALSE,FALSE,"NA"
"24","FP5C_9_5537",2000-07-27,"FP5C","9","5537","PICMAR",9.7,1,"-99",0,1,"1","","Alive",2000,"FP5C_9_5537_2000",4,"NMis",FALSE,0.75,0.0999999999999996,3,0.0333333333333332,FALSE,FALSE,FALSE,"NA",FALSE,FALSE,FALSE,"NA"
"25","FP5C_9_5537",2004-08-05,"FP5C","9","5537","PICMAR",3.1,1,"-99",0,1,"1","budworm","Alive",2004,"FP5C_9_5537_2004",5,"NMis",FALSE,0.75,-6.6,4,-1.65,FALSE,TRUE,TRUE,"Dip",FALSE,TRUE,TRUE,"Extreme Dip"
"26","FP5C_9_5537",2008-08-27,"FP5C","9","5537","PICMAR",3.4,1,"-99",0,1,"1","","Alive",2008,"FP5C_9_5537_2008",6,"NMis",FALSE,0.75,0.3,4,0.075,FALSE,FALSE,FALSE,"NA",FALSE,FALSE,FALSE,"NA"
"27","UP1C_1_818",1991-09-25,"UP1C","1","818","POPTRE",2.6,1,"-99",0,1,"1","","Alive",1991,"UP1C_1_818_1991",1,"NMis",FALSE,3.5,0,0,0,FALSE,FALSE,FALSE,"NA",FALSE,FALSE,FALSE,"NA"
"28","UP1C_1_818",1995-07-20,"UP1C","1","818","POPTRE",3.9,1,"-99",1,1,"1","","Alive",1995,"UP1C_1_818_1995",2,"NMis",FALSE,3.5,1.3,4,0.325,FALSE,FALSE,FALSE,"NA",FALSE,FALSE,FALSE,"NA"
"29","UP1C_1_818",1997-06-16,"UP1C","1","818","POPTRE",0.4,1,"-99",1,0,"1","dt","Alive",1997,"UP1C_1_818_1997",3,"NMis",FALSE,3.5,-3.5,2,-1.75,FALSE,TRUE,TRUE,"Dip",FALSE,TRUE,TRUE,"Extreme Dip"
"30","UP1C_1_818",2004-08-05,"UP1C","1","818","POPTRE",0.3,1,"-99",0,1,"1","","Alive",2004,"UP1C_1_818_2004",4,"NMis",FALSE,3.5,-0.1,7,-0.0142857142857143,FALSE,FALSE,FALSE,"NA",FALSE,FALSE,FALSE,"NA"
"31","UP1C_1_818",2008-08-18,"UP1C","1","818","POPTRE",NA,0,"-99",0,1,"0","","Standing/Dead",2008,"UP1C_1_818_2008",5,"Last",FALSE,3.5,0,4,0,FALSE,FALSE,FALSE,"NA",FALSE,FALSE,FALSE,"NA"
"32","UP3A_11_256",1990-06-20,"UP3A","11","256","BETNEO",0.6,1,"-99",0,1,"1","was #620","Alive",1990,"UP3A_11_256_1990",1,"NMis",FALSE,1.8,0,0,0,FALSE,FALSE,FALSE,"NA",FALSE,FALSE,FALSE,"NA"
"33","UP3A_11_256",1993-09-07,"UP3A","11","256","BETNEO",2.8,0,"-99",0,1,"0","was #620","Fallen/Dead",1993,"UP3A_11_256_1993",2,"NMis",FALSE,1.8,2.2,3,0.733333333333333,FALSE,FALSE,FALSE,"NA",FALSE,FALSE,FALSE,"NA"
"34","UP3A_11_256",1997-08-12,"UP3A","11","256","BETNEO",5,1,"-99",0,1,"1","was #620","Alive",1997,"UP3A_11_256_1997",3,"NMis",FALSE,1.8,2.2,4,0.55,TRUE,FALSE,TRUE,"Spike",FALSE,FALSE,FALSE,"NA"
"35","UP3A_11_256",2000-07-19,"UP3A","11","256","BETNEO",2.6,1,"-99",0,1,"1","was #620","Alive",2000,"UP3A_11_256_2000",4,"NMis",FALSE,1.8,-2.4,3,-0.8,FALSE,FALSE,FALSE,"NA",FALSE,TRUE,TRUE,"Extreme Dip"
"36","UP3A_11_256",2004-07-28,"UP3A","11","256","BETNEO",3,1,"-99",0,1,"1","was #620","Alive",2004,"UP3A_11_256_2004",5,"NMis",FALSE,1.8,0.4,4,0.1,FALSE,FALSE,FALSE,"NA",FALSE,FALSE,FALSE,"NA"
"37","UP3A_11_256",2008-08-13,"UP3A","11","256","BETNEO",4.2,1,"-99",0,1,"1","was #620","Alive",2008,"UP3A_11_256_2008",6,"NMis",FALSE,1.8,1.2,4,0.3,FALSE,FALSE,FALSE,"NA",FALSE,FALSE,FALSE,"NA"
"38","UP3A_11_256",2018-08-10,"UP3A","11","256","BETNEO",5.7,1,"-99",0,1,"1","old notes-was #620. 2019 notes-","Alive",2018,"UP3A_11_256_2018",7,"NMis",FALSE,1.8,1.5,10,0.15,FALSE,FALSE,FALSE,"NA",FALSE,FALSE,FALSE,"NA"
"39","UP3A_11_256",2023-07-19,"UP3A","11","256","BETNEO",6.8,1,"-99",0,1,"1","","Alive",2023,"UP3A_11_256_2023",8,"NMis",FALSE,1.8,1.1,5,0.22,FALSE,FALSE,FALSE,"NA",FALSE,FALSE,FALSE,"NA"
"40","UP3A_13_1612",1990-06-20,"UP3A","13","1612","BETNEO",23.7,1,"-99",1,1,"1","","Alive",1990,"UP3A_13_1612_1990",1,"NMis",FALSE,1.8,0,0,0,FALSE,FALSE,FALSE,"NA",FALSE,FALSE,FALSE,"NA"
"41","UP3A_13_1612",1993-09-07,"UP3A","13","1612","BETNEO",24.4,1,"-99",0,1,"1","","Alive",1993,"UP3A_13_1612_1993",2,"NMis",FALSE,1.8,0.699999999999999,3,0.233333333333333,FALSE,FALSE,FALSE,"NA",FALSE,FALSE,FALSE,"NA"
"42","UP3A_13_1612",1997-08-12,"UP3A","13","1612","BETNEO",25.8,1,"-99",0,1,"1","","Alive",1997,"UP3A_13_1612_1997",3,"NMis",FALSE,1.8,1.4,4,0.350000000000001,FALSE,FALSE,FALSE,"NA",FALSE,FALSE,FALSE,"NA"
"43","UP3A_13_1612",2000-07-19,"UP3A","13","1612","BETNEO",25.5,1,"-99",0,1,"1","w","Alive",2000,"UP3A_13_1612_2000",4,"NMis",FALSE,1.8,-0.300000000000001,3,-0.1,FALSE,FALSE,FALSE,"NA",FALSE,FALSE,FALSE,"NA"
"44","UP3A_13_1612",2004-07-28,"UP3A","13","1612","BETNEO",28,1,"-99",0,1,"1","split way open","Alive",2004,"UP3A_13_1612_2004",5,"NMis",FALSE,1.8,2.5,4,0.625,FALSE,FALSE,FALSE,"NA",FALSE,FALSE,FALSE,"NA"
"45","UP3A_13_1612",2008-08-13,"UP3A","13","1612","BETNEO",30.2,1,"-99",0,1,"1","split way open","Alive",2008,"UP3A_13_1612_2008",6,"NMis",FALSE,1.8,2.2,4,0.55,TRUE,FALSE,TRUE,"Spike",FALSE,FALSE,FALSE,"NA"
"46","UP3A_13_1612",2018-08-10,"UP3A","13","1612","BETNEO",25.6,1,"-99",0,1,"1","old notes-split way open. 2019 notes-","Alive",2018,"UP3A_13_1612_2018",7,"NMis",FALSE,1.8,-4.6,10,-0.46,FALSE,FALSE,FALSE,"NA",FALSE,TRUE,TRUE,"Extreme Dip"
"47","UP3A_13_1612",2023-07-19,"UP3A","13","1612","BETNEO",NA,0,"-99",0,1,"0","dead and down","Fallen/Dead",2023,"UP3A_13_1612_2023",8,"Last",FALSE,1.8,0,5,0,FALSE,FALSE,FALSE,"NA",FALSE,FALSE,FALSE,"NA"
"48","UP3A_2_1544",1990-06-20,"UP3A","2","1544","PICGLA",37.4,1,"-99",0,1,"1","c","Alive",1990,"UP3A_2_1544_1990",1,"NMis",FALSE,1.1,0,0,0,FALSE,FALSE,FALSE,"NA",FALSE,FALSE,FALSE,"NA"
"49","UP3A_2_1544",1993-09-07,"UP3A","2","1544","PICGLA",37.7,1,"-99",0,1,"1","c","Alive",1993,"UP3A_2_1544_1993",2,"NMis",FALSE,1.1,0.300000000000004,3,0.100000000000001,FALSE,FALSE,FALSE,"NA",FALSE,FALSE,FALSE,"NA"
"50","UP3A_2_1544",1997-08-12,"UP3A","2","1544","PICGLA",38.8,1,"-99",0,1,"1","c","Alive",1997,"UP3A_2_1544_1997",3,"NMis",FALSE,1.1,1.09999999999999,4,0.274999999999999,FALSE,FALSE,FALSE,"NA",FALSE,FALSE,FALSE,"NA"
"51","UP3A_2_1544",2000-07-19,"UP3A","2","1544","PICGLA",37,1,"-99",0,1,"1","c","Alive",2000,"UP3A_2_1544_2000",4,"NMis",FALSE,1.1,-1.8,3,-0.599999999999999,FALSE,TRUE,TRUE,"Dip",FALSE,TRUE,TRUE,"Extreme Dip"
"52","UP3A_2_1544",2004-07-28,"UP3A","2","1544","PICGLA",NA,0,"-99",1,1,"0","","Standing/Dead",2004,"UP3A_2_1544_2004",5,"Last",FALSE,1.1,0,4,0,FALSE,FALSE,FALSE,"NA",FALSE,FALSE,FALSE,"NA"
"53","UP3A_2_1544",2008-08-13,"UP3A","2","1544","PICGLA",NA,0,"-99",1,1,"0","","Standing/Dead",2008,"UP3A_2_1544_2008",6,"Last",FALSE,1.1,0,4,0,FALSE,FALSE,FALSE,"NA",FALSE,FALSE,FALSE,"NA"
"54","UP4A_13_877",2008-08-28,"UP4A","13","877","PICMAR",9.4,1,"-99",0,1,"1","or 5.9, 7.4","Alive",2008,"UP4A_13_877_2008",1,"NMis",FALSE,0.75,0,0,0,FALSE,FALSE,FALSE,"NA",FALSE,FALSE,FALSE,"NA"
"55","UP4A_13_877",2013-06-01,"UP4A","13","877","PICMAR",6,1,"-99",0,1,"1","Big difference. Checked twice","Alive",2013,"UP4A_13_877_2013",2,"NMis",FALSE,0.75,-3.4,5,-0.68,FALSE,TRUE,TRUE,"Dip",FALSE,TRUE,TRUE,"Extreme Dip"
"56","UP4A_13_877",2018-06-04,"UP4A","13","877","PICMAR",6.1,1,"-99",0,1,"1","","Alive",2018,"UP4A_13_877_2018",3,"NMis",FALSE,0.75,0.0999999999999996,5,0.0199999999999999,FALSE,FALSE,FALSE,"NA",FALSE,FALSE,FALSE,"NA"
"57","UP4A_13_919",2008-08-28,"UP4A","13","919","PICMAR",2.7,1,"-99",0,1,"1","","Alive",2008,"UP4A_13_919_2008",1,"NMis",FALSE,0.75,0,0,0,FALSE,FALSE,FALSE,"NA",FALSE,FALSE,FALSE,"NA"
"58","UP4A_13_919",2013-06-01,"UP4A","13","919","PICMAR",6.5,1,"-99",0,1,"1","Office Note: DBH verified on hard copy","Alive",2013,"UP4A_13_919_2013",2,"NMis",FALSE,0.75,3.8,5,0.76,FALSE,FALSE,FALSE,"NA",TRUE,FALSE,TRUE,"Extreme Spike"
"59","UP4A_13_919",2018-06-04,"UP4A","13","919","PICMAR",3,1,"-99",1,1,"1","old notes-. 2019 notes-Leaning ","Alive",2018,"UP4A_13_919_2018",3,"NMis",FALSE,0.75,-3.5,5,-0.7,FALSE,TRUE,TRUE,"Dip",FALSE,FALSE,FALSE,"NA"
"60","UP4A_3_221",2008-08-28,"UP4A","3","221","PICMAR",4.7,1,"-99",0,1,"1","","Alive",2008,"UP4A_3_221_2008",1,"NMis",FALSE,0.75,0,0,0,FALSE,FALSE,FALSE,"NA",FALSE,FALSE,FALSE,"NA"
"61","UP4A_3_221",2013-06-01,"UP4A","3","221","PICMAR",2.8,1,"-99",0,1,"1","Office note: DBH verified on hard copy","Alive",2013,"UP4A_3_221_2013",2,"NMis",FALSE,0.75,-1.9,5,-0.38,FALSE,TRUE,TRUE,"Dip",FALSE,TRUE,TRUE,"Extreme Dip"
"62","UP4A_3_221",2018-06-01,"UP4A","3","221","PICMAR",3,1,"-99",0,1,"1","","Alive",2018,"UP4A_3_221_2018",3,"NMis",FALSE,0.75,0.2,5,0.04,FALSE,FALSE,FALSE,"NA",FALSE,FALSE,FALSE,"NA"
"63","UP4A_7_452",2008-08-28,"UP4A","7","452","PICMAR",5.3,1,"-99",0,1,"1","","Alive",2008,"UP4A_7_452_2008",1,"NMis",FALSE,0.75,0,0,0,FALSE,FALSE,FALSE,"NA",FALSE,FALSE,FALSE,"NA"
"64","UP4A_7_452",2013-06-01,"UP4A","7","452","PICMAR",3.5,1,"-99",0,1,"1","Office note: DBH verified on hard copy","Alive",2013,"UP4A_7_452_2013",2,"NMis",FALSE,0.75,-1.8,5,-0.36,FALSE,TRUE,TRUE,"Dip",FALSE,TRUE,TRUE,"Extreme Dip"
"65","UP4A_7_452",2018-06-01,"UP4A","7","452","PICMAR",3.6,1,"-99",0,1,"1","","Alive",2018,"UP4A_7_452_2018",3,"NMis",FALSE,0.75,0.1,5,0.02,FALSE,FALSE,FALSE,"NA",FALSE,FALSE,FALSE,"NA"
"66","UP4B_1_27",2008-08-29,"UP4B","1","27","PICMAR",10,1,"-99",0,1,"1","","Alive",2008,"UP4B_1_27_2008",1,"NMis",FALSE,0.75,0,0,0,FALSE,FALSE,FALSE,"NA",FALSE,FALSE,FALSE,"NA"
"67","UP4B_1_27",2013-06-01,"UP4B","1","27","PICMAR",12.4,1,"-99",0,1,"1","Office Note: DBH verified on hard copy","Alive",2013,"UP4B_1_27_2013",2,"NMis",FALSE,0.75,2.4,5,0.48,TRUE,FALSE,TRUE,"Spike",TRUE,FALSE,TRUE,"Extreme Spike"
"68","UP4B_1_27",2018-06-04,"UP4B","1","27","PICMAR",10.5,1,"-99",0,1,"1","","Alive",2018,"UP4B_1_27_2018",3,"NMis",FALSE,0.75,-1.9,5,-0.38,FALSE,FALSE,FALSE,"NA",FALSE,FALSE,FALSE,"NA"
"69","UP4B_3_116",2008-08-29,"UP4B","3","116","PICMAR",8.1,1,"-99",0,1,"1","","Alive",2008,"UP4B_3_116_2008",1,"NMis",FALSE,0.75,0,0,0,FALSE,FALSE,FALSE,"NA",FALSE,FALSE,FALSE,"NA"
"70","UP4B_3_116",2013-06-01,"UP4B","3","116","PICMAR",9.9,1,"-99",0,1,"1","Office Note: DBH verified on hard copy","Alive",2013,"UP4B_3_116_2013",2,"NMis",FALSE,0.75,1.8,5,0.36,FALSE,FALSE,FALSE,"NA",TRUE,FALSE,TRUE,"Extreme Spike"
"71","UP4B_3_116",2018-06-04,"UP4B","3","116","PICMAR",8.2,1,"-99",0,1,"1","old notes-. 2019 notes- On the ground ","Alive",2018,"UP4B_3_116_2018",3,"NMis",FALSE,0.75,-1.7,5,-0.34,FALSE,TRUE,TRUE,"Dip",FALSE,FALSE,FALSE,"NA"
"72","UP4B_7_203",2008-08-29,"UP4B","7","203","PICMAR",7.7,1,"-99",0,1,"1","","Alive",2008,"UP4B_7_203_2008",1,"NMis",FALSE,0.75,0,0,0,FALSE,FALSE,FALSE,"NA",FALSE,FALSE,FALSE,"NA"
"73","UP4B_7_203",2013-06-01,"UP4B","7","203","PICMAR",4,1,"-99",0,1,"1","Office note: DBH verified on hard copy","Alive",2013,"UP4B_7_203_2013",2,"NMis",FALSE,0.75,-3.7,5,-0.74,FALSE,TRUE,TRUE,"Dip",FALSE,TRUE,TRUE,"Extreme Dip"
"74","UP4B_7_203",2018-06-04,"UP4B","7","203","PICMAR",4.5,1,"-99",0,1,"1","","Alive",2018,"UP4B_7_203_2018",3,"NMis",FALSE,0.75,0.5,5,0.1,FALSE,FALSE,FALSE,"NA",FALSE,FALSE,FALSE,"NA"
"75","UP4B_7_214",2008-08-29,"UP4B","7","214","PICMAR",8.1,1,"-99",0,1,"1","","Alive",2008,"UP4B_7_214_2008",1,"NMis",FALSE,0.75,0,0,0,FALSE,FALSE,FALSE,"NA",FALSE,FALSE,FALSE,"NA"
"76","UP4B_7_214",2013-06-01,"UP4B","7","214","PICMAR",3.3,1,"-99",0,1,"1","Office note: DBH verified on hard copy","Alive",2013,"UP4B_7_214_2013",2,"NMis",FALSE,0.75,-4.8,5,-0.96,FALSE,TRUE,TRUE,"Dip",FALSE,TRUE,TRUE,"Extreme Dip"
"77","UP4B_7_214",2018-06-04,"UP4B","7","214","PICMAR",3.5,1,"-99",0,1,"1","","Alive",2018,"UP4B_7_214_2018",3,"NMis",FALSE,0.75,0.2,5,0.04,FALSE,FALSE,FALSE,"NA",FALSE,FALSE,FALSE,"NA"
"78","UP4D_8_354",2008-09-02,"UP4D","8","354","PICMAR",10.6,1,"-99",0,1,"1","","Alive",2008,"UP4D_8_354_2008",1,"NMis",FALSE,0.75,0,0,0,FALSE,FALSE,FALSE,"NA",FALSE,FALSE,FALSE,"NA"
"79","UP4D_8_354",2013-06-03,"UP4D","8","354","PICMAR",3.9,1,"-99",0,1,"1","tree definitely not 10cm","Alive",2013,"UP4D_8_354_2013",2,"NMis",FALSE,0.75,-6.7,5,-1.34,FALSE,TRUE,TRUE,"Dip",FALSE,TRUE,TRUE,"Extreme Dip"
"80","UP4D_8_354",2018-08-17,"UP4D","8","354","PICMAR",4.1,1,"-99",0,1,"1","old notes-tree definitely not 10cm. 2019 notes-","Alive",2018,"UP4D_8_354_2018",3,"NMis",FALSE,0.75,0.2,5,0.0399999999999999,FALSE,FALSE,FALSE,"NA",FALSE,FALSE,FALSE,"NA"
